0,16,27,89,34,65,12,10
16,0,56,78,32,16,64,32
27,56,0,82,57,35,80,25
89,78,82,0,34,51,19,47
34,32,57,34,0,42,59,41
65,16,35,51,42,0,76,82
12,64,80,19,59,76,0,38
10,32,25,47,41,82,38,0